1.000e-01 1.388e-01 1.572e-01 
1.500e-01 1.267e-01 1.317e-01
2.000e-01 1.168e-01 1.188e-01
3.000e-01 1.021e-01 1.026e-01
4.000e-01 9.162e-02 9.187e-02
5.000e-01 8.374e-02 8.388e-02
6.000e-01 7.754e-02 7.762e-02
8.000e-01 6.814e-02 6.818e-02
1.000e+00 6.129e-02 6.132e-02
1.022e+00 6.064e-02 6.067e-02
1.250e+00 5.482e-02 5.486e-02
1.500e+00 4.982e-02 5.000e-02
2.000e+00 4.252e-02 4.320e-02
2.044e+00 4.201e-02 4.274e-02
3.000e+00 3.346e-02 3.539e-02
4.000e+00 2.790e-02 3.105e-02
5.000e+00 2.411e-02 2.836e-02
6.000e+00 2.130e-02 2.655e-02
7.000e+00 1.915e-02 2.528e-02
8.000e+00 1.743e-02 2.437e-02
9.000e+00 1.602e-02 2.369e-02
1.000e+01 1.484e-02 2.318e-02
1.100e+01 1.384e-02 2.279e-02
1.200e+01 1.298e-02 2.249e-02
1.300e+01 1.223e-02 2.225e-02
1.400e+01 1.157e-02 2.208e-02
1.500e+01 1.099e-02 2.195e-02
1.600e+01 1.046e-02 2.184e-02
1.800e+01 9.562e-03 2.173e-02
2.000e+01 8.818e-03 2.168e-02
2.200e+01 8.189e-03 2.168e-02
2.400e+01 7.653e-03 2.172e-02
2.600e+01 7.187e-03 2.179e-02
2.800e+01 6.778e-03 2.187e-02
3.000e+01 6.419e-03 2.196e-02
